Vector Kr : 
70
149
178
227
217
175
180
215
200
74
13
77
22
188
161
196
118
95
100
165
29
189
232
60
80
37
102
250
19
255
36
181
162
3
123
217
54
12
6
29
220
23
172
119
105
153
252
184
20
213
174
12
16
253
39
132
191
108
157
188
252
105
247
159
236
85
181
70
98
219
25
184
55
191
62
50
157
69
60
164
123
128
195
113
164
85
169
178
75
55
136
119
44
157
51
15
180
99
251
193
218
118
23
140
77
131
75
194
217
217
60
70
82
185
20
229
192
248
155
178
0
213
28
73
211
189
75
1
0
243
75
217
122
93
5
221
252
187
131
252
17
193
132
165
202
82
94
73
184
88
67
204
208
48
208
244
193
130
69
178
58
205
43
95
24
175
96
135
212
222
155
236
28
106
253
72
165
143
38
213
134
41
37
37
72
9
50
56
240
37
176
30
236
16
184
90
141
31
132
37
177
60
50
207
222
97
2
241
115
86
1
60
176
51
199
185
137
209
29
145
172
228
65
142
220
240
13
68
73
71
72
24
145
78
45
104
245
61
40
14
215
203
128
119
191
108
144
25
115
255
209
161
254
181
153
47
107
174
178
80
190
54
214
161
52
254
184
147
79
128
171
84
218
238
206
120
126
130
58
198
121
181
93
2
155
119
11
56
82
108
182
169
129
180
66
144
242
167
27
Vector Kc : 
17
66
95
191
118
29
130
184
40
210
33
251
121
122
209
113
107
178
138
232
79
122
96
110
176
120
155
177
98
100
135
123
157
38
132
211
63
134
207
122
213
79
3
0
250
200
253
57
60
125
233
203
32
157
228
76
51
114
228
190
140
252
77
40
60
32
88
98
182
149
195
104
182
152
82
38
21
155
172
255
217
210
0
199
75
41
83
219
229
224
121
47
41
255
20
76
143
140
59
183
205
30
2
137
176
8
144
148
121
155
148
32
144
119
226
8
31
109
121
187
179
57
188
234
255
30
250
111
213
81
172
84
37
30
225
86
234
118
243
212
214
19
100
98
45
63
112
64
128
237
249
125
22
177
188
61
77
5
200
167
32
46
49
57
16
190
121
109
ITER_MAX : 
1
